文本质量详细评估结果
==================================================

平均指标分数:
BLEU-2: 0.2417
ROUGE-L 召回率: 0.4545
ROUGE-L 精确率: 0.3735
ROUGE-L F1分数: 0.4022
METEOR: 0.5052
DIST-2: 0.9355

各案例详细分数:
案例ID	BLEU-2	ROUGE-L F1	METEOR	DIST-2
1	0.2966	0.5568	0.5187	0.9474
2	0.2793	0.4757	0.5581	0.9640
3	0.2321	0.3800	0.5191	0.9554
4	0.2521	0.4821	0.6075	0.9496
5	0.2601	0.4238	0.4441	0.9420
6	0.4831	0.5876	0.6297	0.9070
7	0.2824	0.4390	0.5048	0.9647
8	0.3098	0.5306	0.4726	0.9167
9	0.2285	0.3951	0.4190	0.9351
10	0.4155	0.6012	0.6241	0.9610
11	0.3300	0.4889	0.5299	0.9100
12	0.4103	0.5823	0.5809	0.9487
13	0.2781	0.5000	0.4958	0.9403
14	0.3394	0.4563	0.5971	0.9358
15	0.3023	0.3354	0.5312	0.9535
16	0.1901	0.3085	0.4081	0.9524
17	0.3889	0.5731	0.6098	0.9556
18	0.4118	0.6065	0.6605	0.9647
19	0.3516	0.4571	0.5796	0.9011
20	0.2062	0.3567	0.4127	0.9589
21	0.1783	0.4018	0.5512	0.9147
22	0.2195	0.3758	0.4793	0.9383
23	0.2617	0.3874	0.4840	0.9487
24	0.3409	0.5581	0.5966	0.9659
25	0.2233	0.4124	0.5040	0.9320
26	0.2881	0.4762	0.4911	0.9444
27	0.3875	0.5792	0.5962	0.9390
28	0.3729	0.5185	0.5388	0.9437
29	0.2857	0.4138	0.4944	0.9048
30	0.3125	0.4718	0.5590	0.9375
31	0.2207	0.4215	0.5326	0.9517
32	0.3036	0.4729	0.5588	0.9196
33	0.2414	0.4236	0.5644	0.9397
34	0.3333	0.4975	0.5775	0.9429
35	0.3209	0.4915	0.5964	0.9254
36	0.2512	0.5000	0.4502	0.9639
37	0.3499	0.5699	0.5747	0.9529
38	0.2920	0.4948	0.6334	0.9469
39	0.3299	0.5263	0.5749	0.9175
40	0.3363	0.5274	0.6101	0.9381
41	0.2460	0.3755	0.4890	0.9286
42	0.4166	0.5904	0.5992	0.9474
43	0.2932	0.4444	0.5995	0.9098
44	0.2689	0.4975	0.6774	0.9496
45	0.2039	0.3710	0.5386	0.9079
46	0.3762	0.5851	0.5782	0.9419
47	0.3057	0.5166	0.4777	0.9242
48	0.3222	0.3820	0.4708	0.9333
49	0.3882	0.4590	0.5545	0.9405
50	0.3362	0.5490	0.6216	0.9569
51	0.2906	0.4344	0.4767	0.9060
52	0.3942	0.5657	0.5996	0.9231
53	0.3009	0.4663	0.5621	0.9487
54	0.3478	0.4660	0.6216	0.9304
55	0.2687	0.4413	0.4645	0.8969
56	0.2535	0.4348	0.5891	0.9437
57	0.2937	0.4424	0.5682	0.9444
58	0.2966	0.5075	0.6729	0.9322
59	0.3432	0.5844	0.5741	0.9296
60	0.2968	0.4724	0.5222	0.9583
61	0.3521	0.5172	0.5650	0.9167
62	0.4653	0.6064	0.6404	0.9406
63	0.3463	0.5234	0.5214	0.9200
64	0.2512	0.4432	0.4384	0.9221
65	0.2449	0.3957	0.4914	0.9184
66	0.1895	0.3523	0.5700	0.9684
67	0.1976	0.3233	0.5193	0.9581
68	0.1765	0.3265	0.5330	0.9471
69	0.3133	0.4458	0.5249	0.9383
70	0.4615	0.5419	0.6465	0.9487
71	0.2923	0.4154	0.4700	0.9206
72	0.1216	0.2762	0.3659	0.9392
73	0.3363	0.3692	0.5514	0.9115
74	0.1353	0.2609	0.4208	0.9474
75	0.2062	0.3763	0.4543	0.9691
76	0.2089	0.3478	0.4812	0.9304
77	0.2323	0.3743	0.5460	0.9394
78	0.2048	0.3375	0.4492	0.9518
79	0.1848	0.3871	0.5587	0.9565
80	0.1620	0.3274	0.4090	0.9296
81	0.2000	0.3497	0.5380	0.9545
82	0.1712	0.3721	0.4583	0.9099
83	0.1624	0.2736	0.4119	0.9573
84	0.1168	0.3204	0.3638	0.9241
85	0.2212	0.3858	0.5525	0.9381
86	0.2346	0.3896	0.5121	0.9506
87	0.3064	0.4500	0.4630	0.9255
88	0.1130	0.3404	0.5231	0.9130
89	0.1127	0.2857	0.4058	0.9437
90	0.1660	0.3797	0.4049	0.9692
91	0.1600	0.3438	0.5385	0.9280
92	0.1653	0.3654	0.4417	0.9091
93	0.1037	0.2488	0.3828	0.9259
94	0.2051	0.3771	0.4419	0.9506
95	0.1097	0.2445	0.4009	0.9032
96	0.2069	0.3013	0.5061	0.9241
97	0.1129	0.2443	0.2823	0.9322
98	0.2933	0.4252	0.5116	0.9467
99	0.1636	0.3015	0.3873	0.9333
100	0.1655	0.3084	0.4144	0.8921
101	0.2121	0.4103	0.5212	0.9394
102	0.1701	0.3475	0.5386	0.9456
103	0.1756	0.2723	0.3933	0.9237
104	0.1897	0.3208	0.4700	0.9397
105	0.2427	0.3398	0.3609	0.9126
106	0.1898	0.3092	0.5050	0.9270
107	0.1071	0.3425	0.4143	0.9196
108	0.1772	0.3375	0.3435	0.9367
109	0.2193	0.3434	0.4036	0.8860
110	0.1681	0.2963	0.4032	0.9381
111	0.2066	0.3380	0.5061	0.9339
112	0.1496	0.3420	0.5004	0.9606
113	0.1810	0.3258	0.4821	0.9143
114	0.2097	0.3285	0.5329	0.9274
115	0.1565	0.3915	0.4894	0.9130
116	0.2474	0.4046	0.5463	0.9381
117	0.2014	0.2793	0.4432	0.9281
118	0.1571	0.3358	0.4560	0.9429
119	0.1966	0.3216	0.4292	0.9145
120	0.1369	0.2422	0.4780	0.8929
121	0.1984	0.3687	0.5560	0.9444
122	0.2247	0.3537	0.4945	0.9101
123	0.1628	0.2977	0.4543	0.9380
124	0.2577	0.3842	0.5151	0.9278
125	0.1948	0.4526	0.6316	0.9481
126	0.1250	0.3299	0.4653	0.9453
127	0.1643	0.2698	0.4485	0.9143
128	0.2062	0.3893	0.5404	0.9588
129	0.1633	0.2299	0.2968	0.9184
130	0.2292	0.4459	0.6664	0.9583
131	0.2353	0.4148	0.5679	0.9706
132	0.1935	0.3784	0.4763	0.9570
133	0.0625	0.2581	0.2641	0.9286
134	0.1223	0.3091	0.4305	0.9137
135	0.3140	0.4048	0.6113	0.9535
136	0.1908	0.2920	0.5455	0.9342
137	0.1860	0.3584	0.4307	0.9302
138	0.2411	0.4000	0.5583	0.9375
139	0.2110	0.3892	0.5581	0.9450
140	0.1484	0.3474	0.4487	0.9531
141	0.2173	0.4189	0.4372	0.9385
142	0.1923	0.3636	0.5103	0.9327
143	0.1892	0.3619	0.6178	0.9392
144	0.2143	0.2743	0.4112	0.9184
145	0.1357	0.3125	0.3054	0.9740
146	0.1722	0.3319	0.5421	0.9139
147	0.2136	0.3659	0.6140	0.9417
148	0.2874	0.4459	0.6144	0.9540
149	0.1387	0.3153	0.3707	0.8978
150	0.2500	0.3542	0.4560	0.8942
151	0.1667	0.3048	0.3631	0.9206
152	0.2500	0.4121	0.5261	0.9348
153	0.1273	0.3053	0.3496	0.9636
154	0.2292	0.3657	0.4834	0.9375
