文本质量详细评估结果
==================================================

平均指标分数:
BLEU-2: 0.2123
ROUGE-L 召回率: 0.4528
ROUGE-L 精确率: 0.3181
ROUGE-L F1分数: 0.3700
METEOR: 0.5147
DIST-2: 0.9395

各案例详细分数:
案例ID	BLEU-2	ROUGE-L F1	METEOR	DIST-2
1	0.3308	0.4292	0.6137	0.8947
2	0.2453	0.3881	0.4992	0.9528
3	0.2066	0.3254	0.5010	0.9421
4	0.1835	0.3676	0.4911	0.9450
5	0.2222	0.3867	0.4867	0.9596
6	0.2240	0.3519	0.5400	0.9600
7	0.1597	0.2691	0.4413	0.9514
8	0.2143	0.3216	0.5363	0.9554
9	0.1827	0.3069	0.4224	0.9423
10	0.3426	0.4845	0.6500	0.9352
11	0.2843	0.4286	0.5999	0.9412
12	0.2263	0.3134	0.5204	0.9270
13	0.1652	0.3235	0.4680	0.9565
14	0.4105	0.5397	0.6091	0.9130
15	0.1719	0.2956	0.4903	0.9375
16	0.3043	0.4017	0.5419	0.9464
17	0.1729	0.3364	0.5570	0.9398
18	0.2700	0.3647	0.5438	0.9100
19	0.2269	0.3842	0.5487	0.9328
20	0.1826	0.3618	0.4893	0.9652
21	0.1803	0.3226	0.4909	0.9426
22	0.1858	0.3350	0.4268	0.9381
23	0.2339	0.3460	0.4792	0.9274
24	0.3333	0.5333	0.6492	0.9279
25	0.3894	0.5588	0.6295	0.9204
26	0.4120	0.5864	0.6358	0.9239
27	0.2000	0.3051	0.4878	0.9407
28	0.3182	0.4478	0.5642	0.9273
29	0.3500	0.4954	0.6057	0.8917
30	0.3310	0.5000	0.6941	0.9310
31	0.3083	0.4240	0.5236	0.9083
32	0.1915	0.3793	0.5194	0.9362
33	0.4494	0.5909	0.6643	0.9213
34	0.4019	0.5628	0.6108	0.9252
35	0.3306	0.4395	0.5218	0.8843
36	0.2812	0.4016	0.5380	0.9219
37	0.3597	0.4333	0.6577	0.8777
38	0.2857	0.4249	0.5616	0.9196
39	0.2881	0.4360	0.5557	0.9068
40	0.3333	0.4739	0.5931	0.9106
41	0.2086	0.3306	0.5110	0.9209
42	0.2362	0.3963	0.5558	0.9370
43	0.2957	0.3768	0.5437	0.9217
44	0.3889	0.5806	0.7124	0.9259
45	0.3077	0.4686	0.6293	0.9161
46	0.2348	0.3779	0.4776	0.9043
47	0.3115	0.5314	0.6658	0.9426
48	0.2845	0.3725	0.5888	0.9483
49	0.3007	0.4206	0.6517	0.9412
50	0.2793	0.5025	0.5645	0.9279
51	0.2077	0.3590	0.4996	0.9538
52	0.3832	0.5473	0.5946	0.9065
53	0.3091	0.5436	0.6312	0.9273
54	0.4112	0.5455	0.6327	0.9252
55	0.4154	0.5285	0.6102	0.8692
56	0.1628	0.3594	0.4529	0.9535
57	0.3958	0.5561	0.6127	0.9375
58	0.3805	0.5408	0.6546	0.8938
59	0.3529	0.5248	0.6452	0.9160
60	0.2483	0.3871	0.5074	0.9310
61	0.4188	0.5700	0.7082	0.8718
62	0.4038	0.5340	0.6282	0.9231
63	0.3008	0.4135	0.5139	0.8862
64	0.1603	0.2902	0.4474	0.9231
65	0.1849	0.3462	0.4401	0.9496
66	0.1569	0.3248	0.6135	0.9477
67	0.1448	0.2869	0.4298	0.9448
68	0.1575	0.3168	0.4662	0.9528
69	0.1500	0.3027	0.4279	0.9500
70	0.1812	0.3163	0.5024	0.9493
71	0.1636	0.3390	0.5795	0.9545
72	0.1439	0.3139	0.4065	0.9545
73	0.1200	0.2967	0.3850	0.9300
74	0.1420	0.2707	0.4818	0.9349
75	0.1515	0.3258	0.4320	0.9470
76	0.1802	0.3301	0.5004	0.9369
77	0.1181	0.2870	0.4617	0.9514
78	0.0425	0.2936	0.2247	0.9688
79	0.1278	0.3061	0.5299	0.9474
80	0.1250	0.2719	0.4363	0.9583
81	0.0791	0.2453	0.4055	0.9712
82	0.1441	0.3063	0.4067	0.9237
83	0.1654	0.3063	0.3910	0.9449
84	0.1368	0.3196	0.4232	0.9402
85	0.1613	0.3365	0.4321	0.9435
86	0.2920	0.4624	0.6520	0.9381
87	0.2458	0.3482	0.4981	0.9407
88	0.1224	0.3000	0.5299	0.9252
89	0.0750	0.2593	0.3133	0.9500
90	0.1897	0.3062	0.4800	0.9310
91	0.1104	0.3130	0.5308	0.9202
92	0.2123	0.3176	0.5781	0.9315
93	0.2231	0.3941	0.4728	0.9339
94	0.1667	0.2437	0.3826	0.9444
95	0.2077	0.3725	0.5756	0.9462
96	0.1727	0.3333	0.3943	0.9364
97	0.1463	0.2857	0.3098	0.9024
98	0.1712	0.3804	0.5035	0.9730
99	0.1846	0.3122	0.3473	0.9154
100	0.0965	0.2673	0.3687	0.9737
101	0.1081	0.3095	0.4618	0.9640
102	0.1608	0.3707	0.5516	0.9441
103	0.1694	0.3301	0.5224	0.9597
104	0.0974	0.2640	0.4041	0.9805
105	0.1517	0.2984	0.3662	0.9172
106	0.1724	0.3333	0.4810	0.9483
107	0.1927	0.3933	0.6068	0.9633
108	0.1382	0.3235	0.4927	0.9593
109	0.1562	0.3679	0.5178	0.9688
110	0.1667	0.2905	0.4453	0.9275
111	0.1969	0.3379	0.5337	0.9370
112	0.1121	0.3237	0.5246	0.9252
113	0.0818	0.2842	0.3786	0.9909
114	0.3361	0.5248	0.6865	0.9580
115	0.1679	0.3791	0.5467	0.9489
116	0.1316	0.2947	0.4361	0.9561
117	0.2013	0.3038	0.4897	0.9221
118	0.3544	0.5753	0.6399	0.9620
119	0.1509	0.3298	0.4121	0.9623
120	0.1048	0.2905	0.4362	0.9677
121	0.1844	0.3017	0.5791	0.9504
122	0.1439	0.2897	0.5490	0.9568
123	0.1333	0.3246	0.4642	0.9810
124	0.1504	0.3834	0.5496	0.9646
125	0.1600	0.4000	0.6051	0.9600
126	0.0938	0.2887	0.4972	0.9297
127	0.1778	0.4000	0.5642	0.9667
128	0.1441	0.2822	0.4926	0.9459
129	0.1546	0.3121	0.4105	0.9691
130	0.1979	0.3649	0.5733	0.9375
131	0.1101	0.3182	0.5166	0.9817
132	0.1172	0.3273	0.4538	0.9141
133	0.0769	0.2513	0.2880	0.9316
134	0.1456	0.3478	0.4819	0.9417
135	0.1488	0.3251	0.4835	0.9835
136	0.1207	0.3263	0.4365	0.9655
137	0.1870	0.3619	0.5600	0.9512
138	0.1597	0.3452	0.5115	0.9412
139	0.2593	0.4130	0.5866	0.9444
140	0.1575	0.3113	0.3904	0.9449
141	0.1190	0.2874	0.3416	0.9524
142	0.2385	0.3944	0.6081	0.9538
143	0.2477	0.3626	0.6357	0.9358
144	0.2243	0.3913	0.5630	0.9252
145	0.1373	0.2881	0.4138	0.9346
146	0.1368	0.3487	0.4716	0.9487
147	0.1300	0.3354	0.5316	0.9600
148	0.1765	0.3492	0.5553	0.9580
149	0.1441	0.3054	0.4352	0.9576
150	0.1963	0.3179	0.5091	0.9626
151	0.1374	0.2884	0.4286	0.9542
152	0.2339	0.3553	0.6209	0.9435
153	0.1210	0.2647	0.4187	0.9597
154	0.1970	0.3128	0.4980	0.9470
