文本质量详细评估结果
==================================================

平均指标分数:
BLEU-2: 0.4032
ROUGE-L 召回率: 0.5794
ROUGE-L 精确率: 0.5521
ROUGE-L F1分数: 0.5596
METEOR: 0.6198
DIST-2: 0.9314

各案例详细分数:
案例ID	BLEU-2	ROUGE-L F1	METEOR	DIST-2
1	0.5545	0.7238	0.7851	0.9364
2	0.4402	0.6484	0.6600	0.9655
3	0.3800	0.5556	0.5658	0.9459
4	0.5000	0.6526	0.7909	0.8684
5	0.4622	0.5949	0.6538	0.9605
6	0.6300	0.7644	0.8006	0.9300
7	0.3412	0.5122	0.5632	0.9647
8	0.4923	0.6341	0.6066	0.9351
9	0.3470	0.5570	0.5392	0.9726
10	0.5189	0.6042	0.7069	0.8868
11	0.4043	0.6092	0.6515	0.9468
12	0.4405	0.5732	0.6853	0.9286
13	0.4134	0.6316	0.6382	0.9390
14	0.5147	0.6378	0.6492	0.9091
15	0.5412	0.6875	0.7375	0.9294
16	0.3820	0.6220	0.6137	0.9565
17	0.4343	0.5222	0.6249	0.8889
18	0.4894	0.6829	0.8185	0.9362
19	0.4368	0.6433	0.6595	0.9540
20	0.4852	0.6752	0.6396	0.9589
21	0.3904	0.5497	0.6029	0.9474
22	0.3067	0.5306	0.4720	0.9365
23	0.6124	0.7182	0.7251	0.8598
24	0.5176	0.6509	0.7166	0.9412
25	0.6237	0.7826	0.7935	0.9355
26	0.6415	0.8098	0.8383	0.9340
27	0.4441	0.6256	0.6209	0.9362
28	0.5506	0.7079	0.6985	0.9540
29	0.5612	0.7143	0.7282	0.9286
30	0.5567	0.7000	0.7516	0.9381
31	0.4916	0.6519	0.6297	0.9286
32	0.5591	0.7174	0.7378	0.9355
33	0.5400	0.7166	0.7721	0.8900
34	0.5443	0.7263	0.7346	0.9310
35	0.4667	0.5894	0.6483	0.9429
36	0.3563	0.5068	0.5541	0.9300
37	0.4087	0.6111	0.6731	0.9391
38	0.5455	0.6444	0.8030	0.8889
39	0.4918	0.6437	0.6456	0.9506
40	0.6392	0.7568	0.8040	0.9278
41	0.4262	0.6629	0.5925	0.9200
42	0.6235	0.7368	0.7351	0.9259
43	0.5055	0.6885	0.7002	0.9341
44	0.5684	0.6936	0.7685	0.8632
45	0.6046	0.7582	0.7314	0.9186
46	0.4862	0.6351	0.7225	0.9541
47	0.4891	0.6441	0.7022	0.9239
48	0.5865	0.7083	0.7631	0.9135
49	0.6286	0.6765	0.7993	0.9333
50	0.5217	0.6889	0.7017	0.9457
51	0.4071	0.5969	0.5674	0.9540
52	0.4609	0.6029	0.7089	0.9391
53	0.5301	0.6548	0.7121	0.9518
54	0.6452	0.8043	0.8164	0.9247
55	0.4242	0.6275	0.5754	0.9318
56	0.4312	0.5990	0.6871	0.9083
57	0.5224	0.6707	0.6517	0.9474
58	0.5510	0.7403	0.8071	0.9286
59	0.4946	0.6818	0.7399	0.9462
60	0.4706	0.6439	0.6914	0.9314
61	0.5227	0.6932	0.6849	0.9302
62	0.4649	0.6368	0.7153	0.9474
63	0.4461	0.6244	0.6117	0.9252
64	0.5256	0.7079	0.6539	0.9620
65	0.6067	0.7303	0.7575	0.9438
66	0.2647	0.4342	0.4964	0.9014
67	0.4611	0.6595	0.6277	0.9419
68	0.4713	0.6296	0.7895	0.9425
69	0.4576	0.6341	0.6403	0.9494
70	0.4245	0.5792	0.7353	0.9245
71	0.3372	0.5229	0.6486	0.8605
72	0.5300	0.6597	0.7223	0.9200
73	0.3256	0.5000	0.5042	0.9535
74	0.5156	0.5851	0.6236	0.8901
75	0.5102	0.6543	0.6558	0.9589
76	0.3750	0.5509	0.5393	0.9028
77	0.2855	0.4203	0.4915	0.9545
78	0.5065	0.6104	0.7189	0.9610
79	0.2553	0.4204	0.6030	0.9149
80	0.4524	0.6429	0.6760	0.9286
81	0.4507	0.6056	0.5951	0.9710
82	0.3442	0.5955	0.5276	0.9595
83	0.4409	0.5561	0.5917	0.9565
84	0.2840	0.5137	0.5001	0.9136
85	0.3412	0.5207	0.5656	0.9529
86	0.3625	0.4444	0.6201	0.9500
87	0.5666	0.6765	0.7084	0.8673
88	0.2958	0.4196	0.5299	0.9286
89	0.3822	0.4918	0.6182	0.8851
90	0.6923	0.7717	0.8256	0.8791
91	0.2361	0.4173	0.4947	0.9028
92	0.3579	0.4505	0.6091	0.8632
93	0.5732	0.6707	0.7248	0.9024
94	0.5543	0.7065	0.7307	0.8889
95	0.4795	0.6939	0.7044	0.9589
96	0.3339	0.5644	0.5164	0.9710
97	0.0720	0.1523	0.2924	0.8400
98	0.1781	0.3520	0.4279	0.9589
99	0.2853	0.5465	0.4777	0.9538
100	0.2800	0.4255	0.5130	0.9100
101	0.2222	0.4203	0.5459	0.9383
102	0.3901	0.5294	0.6483	0.9383
103	0.3644	0.5100	0.6452	0.9576
104	0.5638	0.6170	0.6929	0.9239
105	0.4749	0.5528	0.6180	0.9479
106	0.1910	0.3270	0.4048	0.9888
107	0.2750	0.4966	0.6318	0.9375
108	0.4425	0.5677	0.6383	0.9595
109	0.4167	0.4643	0.5681	0.9286
110	0.3598	0.5484	0.5958	0.9639
111	0.4509	0.5839	0.6064	0.9420
112	0.2326	0.4211	0.5633	0.9535
113	0.0417	0.1353	0.1253	0.9000
114	0.1626	0.3689	0.4737	0.9106
115	0.3454	0.4783	0.5853	0.9375
116	0.2435	0.4188	0.6087	0.9565
117	0.4894	0.6405	0.6263	0.9429
118	0.2288	0.4108	0.6216	0.9746
119	0.4066	0.6127	0.6507	0.9560
120	0.2771	0.4638	0.5899	0.9157
121	0.1429	0.3203	0.4796	0.9357
122	0.2375	0.3871	0.4897	0.9125
123	0.2287	0.5101	0.4698	0.9841
124	0.2653	0.4944	0.6343	0.9490
125	0.0376	0.1347	0.2197	0.8421
126	0.2353	0.4636	0.5892	0.9529
127	0.1833	0.3282	0.5263	0.9667
128	0.1364	0.3086	0.4123	0.9636
129	0.3227	0.4930	0.5349	0.9697
130	0.2569	0.4720	0.7245	0.9725
131	0.2262	0.3179	0.5388	0.9524
132	0.1589	0.2814	0.3843	0.8598
133	0.0424	0.1875	0.2181	0.8220
134	0.4767	0.5749	0.6873	0.8721
135	0.0122	0.0828	0.0671	0.9206
136	0.3178	0.5797	0.5445	0.9531
137	0.5957	0.7624	0.8040	0.8830
138	0.1829	0.3250	0.4471	0.9390
139	0.3066	0.4638	0.5162	0.9194
140	0.2379	0.4258	0.4836	0.9143
141	0.3609	0.5578	0.5551	0.9375
142	0.2605	0.3267	0.5737	0.9412
143	0.5217	0.7176	0.7556	0.9565
144	0.3085	0.4912	0.5801	0.9362
145	0.4321	0.5926	0.6295	0.9114
146	0.3608	0.5029	0.6387	0.9278
147	0.2469	0.3662	0.5727	0.9506
148	0.3234	0.4741	0.5393	0.9692
149	0.2294	0.3711	0.4934	0.9817
150	0.4287	0.4819	0.6230	0.9615
151	0.3805	0.5369	0.5733	0.9692
152	0.1377	0.3223	0.4421	0.9130
153	0.5249	0.6275	0.6443	0.8767
154	0.3061	0.4633	0.6380	0.9388
