文本质量详细评估结果
==================================================

平均指标分数:
BLEU-2: 0.2577
ROUGE-L 召回率: 0.4536
ROUGE-L 精确率: 0.4004
ROUGE-L F1分数: 0.4184
METEOR: 0.5266
DIST-2: 0.9402

各案例详细分数:
案例ID	BLEU-2	ROUGE-L F1	METEOR	DIST-2
1	0.1917	0.4194	0.4226	0.9231
2	0.1506	0.3310	0.3968	0.9857
3	0.2020	0.4111	0.4843	0.9192
4	0.0712	0.3226	0.3074	0.9362
5	0.2059	0.4496	0.4806	0.9643
6	0.3421	0.4675	0.6139	0.9342
7	0.1915	0.3006	0.4185	0.9362
8	0.2202	0.4113	0.4959	0.9365
9	0.2608	0.4444	0.5221	0.9672
10	0.1549	0.3217	0.4217	0.9286
11	0.2371	0.3692	0.4520	0.9688
12	0.2357	0.4051	0.5249	0.9444
13	0.1762	0.3253	0.4872	0.9620
14	0.1768	0.3648	0.4567	0.9710
15	0.2588	0.4153	0.5201	0.9412
16	0.2201	0.3681	0.4648	0.9722
17	0.2396	0.4625	0.4566	0.9420
18	0.2038	0.3077	0.4907	0.9310
19	0.2491	0.3882	0.5180	0.9500
20	0.1570	0.4286	0.4326	0.9804
21	0.2110	0.3816	0.4908	0.9714
22	0.2381	0.4074	0.4716	0.9589
23	0.0537	0.2710	0.2575	1.0000
24	0.2528	0.4314	0.5046	0.9565
25	0.2879	0.5198	0.5228	0.9333
26	0.0979	0.3259	0.3299	0.9792
27	0.1520	0.3580	0.4430	0.9600
28	0.1634	0.3721	0.4264	0.9873
29	0.1535	0.4025	0.4289	0.8904
30	0.1242	0.3721	0.3546	0.9545
31	0.2631	0.3758	0.4710	0.9104
32	0.2427	0.3263	0.5114	0.9223
33	0.1272	0.2515	0.3277	0.9452
34	0.2941	0.3824	0.5256	0.9500
35	0.1489	0.2857	0.3706	0.9681
36	0.2778	0.4000	0.5869	0.9556
37	0.3959	0.5960	0.5947	0.9688
38	0.3846	0.4835	0.6807	0.9423
39	0.2857	0.4142	0.5042	0.9762
40	0.2903	0.4778	0.5446	0.9355
41	0.3361	0.4973	0.5124	0.9318
42	0.4179	0.5758	0.6105	0.9403
43	0.2614	0.3905	0.5151	0.9545
44	0.2500	0.4142	0.5333	0.9479
45	0.3163	0.4678	0.5579	0.9184
46	0.3472	0.5286	0.5968	0.9583
47	0.3333	0.4962	0.5446	0.9394
48	0.1287	0.2971	0.4200	0.9505
49	0.3084	0.5281	0.6642	0.9626
50	0.2170	0.4405	0.6272	0.9340
51	0.1791	0.3478	0.5116	0.9552
52	0.2636	0.4167	0.5855	0.9545
53	0.2593	0.4837	0.5370	0.9506
54	0.1685	0.3810	0.4682	0.9551
55	0.2069	0.3694	0.4742	0.9425
56	0.3119	0.4712	0.6047	0.9450
57	0.2054	0.2842	0.5045	0.9375
58	0.2784	0.4162	0.5140	0.9278
59	0.3194	0.4861	0.5790	0.9583
60	0.3373	0.4790	0.5440	0.9277
61	0.3000	0.4472	0.5565	0.9444
62	0.3650	0.5082	0.5636	0.9455
63	0.2474	0.4431	0.5761	0.9485
64	0.2812	0.4535	0.6054	0.9583
65	0.4000	0.5455	0.6376	0.8933
66	0.2150	0.4022	0.5149	0.9065
67	0.2424	0.4686	0.5726	0.9596
68	0.2000	0.3676	0.5591	0.9625
69	0.2198	0.4052	0.5732	0.9560
70	0.2683	0.3803	0.5585	0.9146
71	0.3077	0.4835	0.6250	0.9423
72	0.4022	0.5311	0.6486	0.9348
73	0.3951	0.5309	0.5745	0.9383
74	0.2149	0.3571	0.5607	0.8760
75	0.2963	0.4366	0.6396	0.9630
76	0.2677	0.3502	0.4631	0.9134
77	0.2773	0.4364	0.5179	0.9496
78	0.3394	0.4945	0.5563	0.9302
79	0.2667	0.3333	0.4405	0.9540
80	0.2685	0.3483	0.4220	0.8889
81	0.2232	0.4179	0.5049	0.9375
82	0.3770	0.6145	0.5704	0.9571
83	0.3516	0.5056	0.6019	0.9560
84	0.2479	0.3774	0.5243	0.9060
85	0.2432	0.4545	0.4092	0.9524
86	0.3962	0.4279	0.6119	0.9245
87	0.2903	0.4530	0.5424	0.9247
88	0.2250	0.3490	0.4696	0.9500
89	0.2222	0.3457	0.4156	0.9383
90	0.3223	0.4831	0.6441	0.9587
91	0.3814	0.4948	0.5540	0.9485
92	0.3551	0.4854	0.5651	0.9252
93	0.3489	0.4876	0.5516	0.9583
94	0.2827	0.5326	0.5341	0.9524
95	0.3654	0.4683	0.6196	0.9519
96	0.3363	0.4689	0.6291	0.9292
97	0.2483	0.5161	0.6405	0.9128
98	0.2685	0.5314	0.5608	0.9722
99	0.2885	0.5417	0.6045	0.9712
100	0.3700	0.5628	0.6096	0.9300
101	0.3772	0.5794	0.6482	0.9561
102	0.3571	0.5556	0.7727	0.9365
103	0.2479	0.4507	0.5750	0.9402
104	0.2101	0.4549	0.5860	0.9130
105	0.3051	0.5238	0.6305	0.9492
106	0.3160	0.4898	0.5442	0.9570
107	0.2609	0.4739	0.6122	0.9391
108	0.1353	0.3436	0.4551	0.9549
109	0.3699	0.4658	0.5248	0.9315
110	0.2295	0.3578	0.5501	0.9672
111	0.4216	0.5659	0.5875	0.9406
112	0.1938	0.2462	0.3923	0.9263
113	0.1188	0.2911	0.2597	0.9403
114	0.2315	0.4000	0.4226	0.9200
115	0.1234	0.3128	0.3023	0.9630
116	0.2807	0.3961	0.5191	0.9474
117	0.2435	0.3762	0.4623	0.9652
118	0.2089	0.4167	0.4419	0.9625
119	0.3178	0.3810	0.5172	0.9252
120	0.2955	0.4000	0.4487	0.9432
121	0.2966	0.4502	0.5695	0.9576
122	0.2042	0.3627	0.4615	0.9551
123	0.1738	0.2741	0.3887	0.9783
124	0.2263	0.3616	0.4774	0.9459
125	0.1182	0.3316	0.3717	0.9667
126	0.1584	0.3474	0.4102	0.9604
127	0.3057	0.4337	0.4542	0.9054
128	0.2284	0.3509	0.4525	0.9615
129	0.2182	0.3284	0.4263	0.9273
130	0.2333	0.3297	0.4223	0.9535
131	0.2281	0.3810	0.4904	0.9474
132	0.2197	0.4309	0.4723	0.9659
133	0.1803	0.2922	0.5053	0.9344
134	0.2234	0.3386	0.4465	0.9247
135	0.2336	0.3550	0.4958	0.9343
136	0.4000	0.5026	0.6056	0.9368
137	0.3524	0.5327	0.6683	0.9333
138	0.2830	0.4848	0.5809	0.9245
139	0.3739	0.5650	0.5889	0.9375
140	0.2358	0.4667	0.5421	0.9176
141	0.3913	0.5368	0.6212	0.9474
142	0.1550	0.3250	0.4870	0.8992
143	0.1452	0.3260	0.3809	0.9516
144	0.2479	0.3744	0.4664	0.9307
145	0.1870	0.3103	0.4070	0.9350
146	0.3028	0.5122	0.6523	0.9507
147	0.2956	0.4961	0.6811	0.9434
148	0.4322	0.5946	0.7394	0.9407
149	0.3519	0.5094	0.6381	0.9259
150	0.2850	0.5475	0.5364	0.9615
151	0.3182	0.4848	0.6159	0.9242
152	0.4457	0.4884	0.6740	0.9022
153	0.3571	0.5027	0.6046	0.8878
154	0.3293	0.4294	0.5004	0.9146
155	0.2778	0.4686	0.5366	0.9444
156	0.4615	0.5797	0.6452	0.9208
157	0.2982	0.4916	0.5531	0.9506
158	0.3945	0.4476	0.6050	0.9174
159	0.3482	0.5047	0.6014	0.9375
160	0.2593	0.3830	0.5526	0.9259
161	0.3629	0.5315	0.6749	0.9435
162	0.1295	0.3362	0.4878	0.9353
163	0.2192	0.4000	0.5548	0.9110
164	0.1528	0.3745	0.5301	0.9306
165	0.2661	0.4608	0.6091	0.9355
166	0.3680	0.4800	0.6057	0.9280
167	0.3065	0.4215	0.5916	0.9274
168	0.2212	0.3483	0.4052	0.9519
169	0.2632	0.4926	0.6452	0.9474
170	0.2941	0.4433	0.6028	0.9412
171	0.3158	0.4519	0.7142	0.9248
172	0.2434	0.3478	0.6669	0.9211
173	0.3016	0.4455	0.6672	0.9127
174	0.3379	0.4444	0.6713	0.9379
175	0.2808	0.3661	0.6852	0.9110
176	0.2500	0.4118	0.5776	0.9392
177	0.2029	0.3857	0.5385	0.9348
178	0.3636	0.4560	0.6019	0.9091
179	0.1702	0.3661	0.5154	0.9574
180	0.2453	0.3934	0.6385	0.9182
181	0.1172	0.2857	0.4121	0.9241
182	0.0676	0.2149	0.2528	0.9324
183	0.1081	0.2512	0.3136	0.9369
184	0.1092	0.2963	0.3799	0.9412
185	0.1386	0.3061	0.3670	0.9307
186	0.2338	0.4100	0.6141	0.9156
187	0.2212	0.3920	0.5600	0.9381
188	0.3396	0.4145	0.6197	0.8962
189	0.2320	0.4141	0.5247	0.9360
190	0.1871	0.4375	0.5850	0.9281
191	0.2424	0.4173	0.5945	0.9455
192	0.2074	0.3738	0.5358	0.8963
193	0.1491	0.3390	0.5327	0.9255
194	0.2203	0.3689	0.5187	0.9237
195	0.1888	0.3486	0.5368	0.9510
196	0.2698	0.3482	0.4946	0.9127
197	0.2079	0.3731	0.4702	0.9505
198	0.1667	0.3290	0.4495	0.9420
199	0.2373	0.3223	0.4686	0.9237
200	0.2180	0.4089	0.5758	0.9323
