文本质量详细评估结果
==================================================

平均指标分数:
BLEU-2: 0.3727
ROUGE-L 召回率: 0.5852
ROUGE-L 精确率: 0.5544
ROUGE-L F1分数: 0.5661
METEOR: 0.6159
DIST-2: 0.9360

各案例详细分数:
案例ID	BLEU-2	ROUGE-L F1	METEOR	DIST-2
1	0.3571	0.5385	0.5786	0.9286
2	0.2871	0.4773	0.5317	0.8614
3	0.3654	0.5838	0.6760	0.8654
4	0.3295	0.5091	0.5463	0.8295
5	0.3516	0.5488	0.6267	0.9451
6	0.3125	0.4937	0.5456	0.9125
7	0.3361	0.5405	0.5340	0.9565
8	0.3402	0.5143	0.5814	0.9381
9	0.4000	0.4906	0.6457	0.8706
10	0.3846	0.5033	0.5762	0.9231
11	0.3402	0.5285	0.5775	0.9574
12	0.2921	0.5143	0.5757	0.9551
13	0.3258	0.5795	0.6213	0.9888
14	0.2842	0.4216	0.6217	0.9368
15	0.4238	0.6374	0.6320	0.9286
16	0.3105	0.5542	0.5434	0.9333
17	0.3456	0.5316	0.5413	0.9552
18	0.3156	0.5102	0.5626	0.9432
19	0.3132	0.5644	0.5384	0.9178
20	0.2136	0.5283	0.4893	0.9286
21	0.3511	0.5682	0.6300	0.9043
22	0.3793	0.5517	0.6070	0.9529
23	0.2799	0.5529	0.5072	0.9583
24	0.3275	0.5860	0.6396	0.9589
25	0.3797	0.5888	0.6183	0.8316
26	0.3575	0.6026	0.6132	0.9710
27	0.3996	0.5389	0.6281	0.9625
28	0.3368	0.5213	0.5696	0.8211
29	0.2857	0.5509	0.5765	0.9630
30	0.2880	0.5250	0.4945	0.9600
31	0.3618	0.5604	0.5349	0.9524
32	0.2165	0.4583	0.4849	0.9649
33	0.2842	0.4762	0.4658	0.8947
34	0.3075	0.4813	0.5576	0.9518
35	0.2594	0.5181	0.5052	0.9577
36	0.3371	0.5089	0.5272	0.8652
37	0.4149	0.5635	0.5958	0.9362
38	0.3158	0.5490	0.5664	0.9733
39	0.3265	0.5246	0.5661	0.9388
40	0.3737	0.5054	0.5863	0.8788
41	0.3565	0.5902	0.5617	0.9651
42	0.3210	0.5479	0.6685	0.9630
43	0.2955	0.4615	0.5073	0.9091
44	0.2121	0.4419	0.5058	0.9596
45	0.3444	0.5276	0.6351	0.9444
46	0.3636	0.5897	0.6572	0.9545
47	0.4353	0.6447	0.7153	0.9529
48	0.3596	0.5276	0.6028	0.9438
49	0.3158	0.5542	0.6226	0.9474
50	0.3535	0.5839	0.7338	0.9091
51	0.4494	0.6049	0.7541	0.9551
52	0.3241	0.5474	0.6509	0.9537
53	0.4070	0.5570	0.6967	0.9535
54	0.2680	0.5000	0.5514	0.9485
55	0.3488	0.5385	0.6406	0.9535
56	0.4100	0.5604	0.7070	0.8800
57	0.4937	0.5987	0.6970	0.9620
58	0.3571	0.5125	0.6119	0.9524
59	0.3333	0.5128	0.6406	0.9524
60	0.3413	0.4938	0.5273	0.9487
61	0.4479	0.6347	0.7411	0.9479
62	0.4118	0.5658	0.6730	0.9412
63	0.4824	0.6710	0.7342	0.9529
64	0.4842	0.6901	0.7620	0.9474
65	0.3366	0.5917	0.7287	0.9703
66	0.4419	0.6456	0.7119	0.9535
67	0.4000	0.6024	0.6573	0.9444
68	0.3699	0.5891	0.6659	0.9315
69	0.3068	0.5333	0.6532	0.9545
70	0.3253	0.5175	0.6365	0.9518
71	0.4074	0.6038	0.6264	0.9506
72	0.3253	0.5542	0.6097	0.9506
73	0.4130	0.5434	0.6490	0.9565
74	0.2500	0.5150	0.5630	0.9457
75	0.3247	0.4493	0.6385	0.9610
76	0.4316	0.5517	0.6615	0.9524
77	0.4242	0.6100	0.6156	0.8586
78	0.4256	0.5608	0.6262	0.8817
79	0.4223	0.5864	0.6513	0.9348
80	0.4365	0.6821	0.6559	0.9500
81	0.5401	0.7052	0.7044	0.9405
82	0.5091	0.6923	0.6766	0.9419
83	0.3883	0.5684	0.6608	0.9612
84	0.5157	0.5574	0.6068	0.8636
85	0.3667	0.5414	0.5397	0.9000
86	0.5106	0.6667	0.6873	0.9362
87	0.4130	0.5333	0.5767	0.8587
88	0.3026	0.5241	0.5876	0.9342
89	0.2637	0.5000	0.5218	0.9451
90	0.4638	0.6424	0.6595	0.9747
91	0.5222	0.7333	0.6935	0.9518
92	0.5258	0.7010	0.7115	0.9474
93	0.4504	0.6562	0.6224	0.9425
94	0.4681	0.6737	0.7100	0.9444
95	0.4035	0.5876	0.6070	0.9355
96	0.2843	0.4949	0.6020	0.9314
97	0.5596	0.7404	0.7924	0.9450
98	0.3945	0.6442	0.6912	0.9633
99	0.4767	0.6744	0.6994	0.9643
100	0.4563	0.7030	0.7262	0.9515
101	0.4694	0.6802	0.6831	0.9485
102	0.4314	0.6667	0.7024	0.9510
103	0.4148	0.6203	0.6705	0.9560
104	0.4084	0.6304	0.6676	0.9438
105	0.3363	0.6146	0.6924	0.9558
106	0.4765	0.7097	0.6757	0.9398
107	0.5202	0.6448	0.6770	0.8621
108	0.4526	0.6243	0.6261	0.8737
109	0.3371	0.5185	0.6446	0.9551
110	0.3928	0.6230	0.6518	0.9310
111	0.4095	0.6256	0.6331	0.9451
112	0.2630	0.4865	0.4954	0.8941
113	0.3125	0.5241	0.5747	0.9271
114	0.3056	0.4926	0.5929	0.9444
115	0.1991	0.4260	0.3897	0.9155
116	0.4022	0.5838	0.5995	0.9130
117	0.4571	0.5976	0.6294	0.9351
118	0.3140	0.4884	0.4947	0.9167
119	0.3853	0.5131	0.6564	0.9174
120	0.3023	0.4624	0.5059	0.9186
121	0.3784	0.5179	0.6124	0.9550
122	0.3489	0.5445	0.6073	0.8621
123	0.2997	0.4848	0.5473	0.9247
124	0.2760	0.4742	0.5189	0.9231
125	0.1843	0.4000	0.4374	0.9390
126	0.3158	0.5543	0.5852	0.9474
127	0.5870	0.7391	0.7766	0.9239
128	0.4176	0.5275	0.5547	0.9101
129	0.3854	0.5241	0.5974	0.9479
130	0.2854	0.4581	0.4752	0.9518
131	0.4777	0.6339	0.6410	0.9540
132	0.2724	0.4767	0.4845	0.9620
133	0.3155	0.5134	0.5875	0.9444
134	0.3191	0.4920	0.5335	0.9451
135	0.3804	0.5217	0.6157	0.9222
136	0.5000	0.6869	0.7073	0.9510
137	0.4259	0.6337	0.6810	0.8889
138	0.4752	0.6425	0.7425	0.9406
139	0.4000	0.5579	0.6118	0.9462
140	0.3491	0.6269	0.7058	0.9528
141	0.4086	0.6288	0.6517	0.9554
142	0.3553	0.5700	0.5739	0.9479
143	0.2661	0.4845	0.4972	0.9451
144	0.2393	0.4292	0.4647	0.9604
145	0.2969	0.5123	0.5534	0.8936
146	0.6762	0.7921	0.7787	0.9490
147	0.4712	0.6798	0.6947	0.9519
148	0.6117	0.7826	0.7832	0.9515
149	0.4090	0.6907	0.6859	0.9444
150	0.4952	0.7087	0.7419	0.9524
151	0.4388	0.5888	0.6379	0.9490
152	0.5172	0.6946	0.7311	0.9310
153	0.3137	0.5550	0.6135	0.9608
154	0.4731	0.6667	0.7161	0.9247
155	0.3303	0.5773	0.6366	0.9083
156	0.2992	0.5322	0.6116	0.9370
157	0.3430	0.5348	0.5899	0.9438
158	0.3267	0.4653	0.5395	0.9307
159	0.3922	0.5686	0.6153	0.9510
160	0.3365	0.5000	0.5685	0.9519
161	0.4062	0.6082	0.6525	0.9479
162	0.3515	0.5889	0.5819	0.9425
163	0.3723	0.5851	0.6020	0.9468
164	0.4045	0.6292	0.6413	0.9425
165	0.5165	0.6995	0.7020	0.9444
166	0.3061	0.5000	0.5006	0.9062
167	0.4216	0.6269	0.6488	0.9510
168	0.4943	0.6203	0.6649	0.9333
169	0.3465	0.5789	0.6074	0.9505
170	0.4639	0.6032	0.6824	0.9485
171	0.5114	0.6748	0.7396	0.8864
172	0.2952	0.5355	0.6112	0.9524
173	0.2692	0.5222	0.6395	0.9615
174	0.4600	0.6162	0.7010	0.9300
175	0.3299	0.5486	0.5993	0.9485
176	0.4659	0.6102	0.6155	0.9425
177	0.3495	0.5319	0.6363	0.9612
178	0.4526	0.5730	0.6810	0.9368
179	0.4167	0.6145	0.6794	0.9375
180	0.3975	0.6182	0.6164	0.9375
181	0.2373	0.4220	0.5140	0.9576
182	0.1696	0.3301	0.4101	0.9286
183	0.1808	0.3548	0.3893	0.9444
184	0.2316	0.4842	0.5046	0.9462
185	0.1340	0.3646	0.3635	0.9485
186	0.3673	0.6011	0.6725	0.9388
187	0.4184	0.5652	0.6696	0.8980
188	0.5059	0.6550	0.6852	0.9405
189	0.3297	0.5482	0.5529	0.9053
190	0.3366	0.6237	0.6675	0.9505
191	0.3956	0.5889	0.6377	0.9560
192	0.2921	0.4405	0.5395	0.9101
193	0.3431	0.5311	0.6509	0.9510
194	0.3333	0.5263	0.6080	0.9510
195	0.3548	0.5238	0.6507	0.9462
196	0.5347	0.6633	0.7003	0.9208
197	0.3444	0.5604	0.6165	0.9444
198	0.2551	0.4607	0.4758	0.9388
199	0.3684	0.5638	0.5990	0.9474
200	0.4021	0.5820	0.6481	0.9381
